  k=       31.
  Ne=     ****
  a=        5.
  b=        2.
  Nelemy=  32.
  Nelemx=  80.
     myvol=        800.0000000000
     endmass=           244.56169
